<?xml version="1.0" encoding="UTF-8"?>
<!--
  Infinitum Nihil - BIMI VMC submission file.

  Source: Logoblackbackground.psd master, square-cropped 1962x1962,
  thresholded to red linework, 2x downsampled, traced with potrace.

  Compliance:
    - SVG Tiny Portable/Secure profile (draft-svg-tiny-ps-abrotman)
    - version="1.2" + baseProfile="tiny-ps" (Section 2.1)
    - <title> present (Section 2.1)
    - Absolute pixel dimensions 192x192 (Google Workspace BIMI requirement)
    - Square viewBox - aspect ratio 1:1 (BIMI Group recommendation)
    - Two distinct rendered colors: white background + black mark (Section 2.4)
    - File size under 32KB (Section 2.4 SHOULD)
    - LF line endings, no CRLF
    - No <image>, <script>, animations, or external references

  Geometry: typographic composition of stacked uppercase letters from
  "INFINITUM NIHIL" (VT Corona variant), with sword slash through the
  bottom-left quadrant. Matches USPTO Reg. 8145923 (Serial 97981054 /
  related 97652039) - "a square with perpendicular lines".
  Color is not claimed as a feature of the registered mark.
-->
<svg xmlns="http://www.w3.org/2000/svg"
     version="1.2"
     baseProfile="tiny-ps"
     width="192"
     height="192"
     viewBox="0 0 981.000000 981.000000">
  <title>infinitum nihil</title>
  <rect x="0" y="0" width="981.000000" height="981.000000" fill="#FFFFFF"/>
  <g transform="translate(0.000000,981.000000) scale(0.100000,-0.100000)" fill="#EF3340" stroke="none">
    <path d="M614 9520 c-5 -5 -23 -11 -38 -12 -16 -2 -31 -8 -33 -15 -3 -7 -16
-13 -29 -13 -13 0 -24 -5 -24 -11 0 -20 -28 -39 -58 -39 -16 0 -36 -8 -45 -18
-16 -17 -17 -347 -17 -4545 l0 -4527 34 0 c21 0 36 -6 40 -15 3 -8 9 -15 13
-14 4 1 353 1 775 0 676 -1 767 -3 762 -16 -10 -24 23 -29 47 -6 26 24 45 27
52 9 4 -10 6 -10 6 0 1 14 71 17 71 2 0 -5 7 -10 15 -10 8 0 15 5 15 10 0 17
29 11 51 -9 25 -23 119 -33 126 -14 6 16 30 17 35 1 3 -8 52 -11 177 -11 95 1
175 4 178 7 4 3 -17 6 -45 6 -40 0 -52 4 -52 15 0 13 67 15 545 15 357 0 545
-3 545 -10 0 -13 57 -13 65 0 3 6 50 10 105 10 55 0 102 -4 105 -10 8 -13 255
-13 255 0 0 15 157 13 162 -2 5 -15 77 -12 93 3 12 12 72 12 80 -1 8 -13 65
-13 65 0 0 6 28 10 65 10 37 0 65 -4 65 -10 0 -5 9 -10 20 -10 11 0 20 5 20
10 0 14 127 13 136 -1 4 -8 9 -8 17 0 13 13 79 15 92 2 15 -15 168 -17 173 -3
5 15 162 17 162 2 0 -5 16 -10 35 -10 26 0 35 -4 35 -17 0 -12 3 -14 11 -6 7
7 23 8 47 2 39 -9 1660 -9 1847 0 l110 5 -84 6 c-55 3 -86 9 -89 18 -3 9 38
12 182 12 156 0 186 -2 186 -14 0 -11 -15 -16 -52 -19 l-53 -3 63 -2 c36 -1
62 2 62 8 0 6 7 10 15 10 8 0 15 5 15 10 0 13 137 13 145 0 3 -5 30 -10 60
-10 30 0 57 -4 60 -10 3 -5 17 -10 31 -10 14 0 22 4 19 10 -4 6 22 10 69 10
44 0 76 4 76 10 0 15 77 12 83 -2 4 -10 7 -10 14 -1 7 10 97 13 370 13 303 1
363 3 373 15 7 8 24 15 39 15 15 0 31 4 37 9 5 6 74 11 154 13 l145 3 0 4545
c0 3629 -3 4545 -12 4546 -7 1 -54 2 -104 3 -68 1 -90 4 -87 14 3 8 37 14 104
17 89 5 79 6 -106 13 -113 5 -209 13 -214 18 -13 12 -93 12 -101 -1 -4 -6 5
-10 19 -10 16 0 26 -6 26 -15 0 -18 -46 -21 -54 -2 -5 10 -7 10 -12 0 -3 -8
-25 -13 -54 -13 -27 0 -50 -4 -52 -10 -2 -6 -254 -10 -711 -10 -614 0 -709 -2
-713 -15 -9 -22 -495 -22 -513 -1 -12 14 -51 10 -51 -5 0 -5 -139 -9 -315 -9
-265 0 -315 2 -315 14 0 12 -31 14 -175 15 -147 0 -175 -2 -175 -14 0 -22
-3385 -22 -3413 0 -19 14 -65 11 -81 -6 -12 -11 -50 -12 -60 -1 -10 10 -116
10 -116 0 0 -12 -78 -10 -85 2 -3 6 1 13 9 16 50 19 -18 24 -353 24 -302 0
-374 3 -397 14 -22 12 -87 15 -328 16 -186 0 -302 4 -304 10 -5 13 -75 13 -88
0z m1393 -76 c5 -16 -75 -23 -87 -8 -6 6 -7 14 -3 18 11 11 86 2 90 -10z
m2484 -608 c2 -2 3 -706 1 -1563 -1 -983 -6 -1552 -12 -1543 -5 8 -13 15 -17
15 -4 0 -92 86 -196 190 -103 105 -191 193 -195 197 -4 4 -608 608 -1342 1341
-734 733 -1341 1341 -1349 1350 -13 16 88 17 1546 17 858 0 1562 -2 1564 -4z
m3789 0 c0 -7 -3182 -3187 -3186 -3184 -11 12 -10 60 2 83 16 31 19 85 4 85
-6 0 -10 72 -10 195 0 159 -3 197 -14 201 -16 6 -15 26 3 48 7 8 10 19 7 24
-3 5 2 22 10 38 10 18 11 30 5 32 -14 5 -14 52 -1 52 6 0 10 23 10 50 0 28 -4
50 -10 50 -5 0 -10 -4 -10 -10 0 -5 -6 -10 -14 -10 -23 0 -11 35 13 38 21 3
22 8 19 88 -4 99 -21 112 -28 22 -5 -51 -7 -37 -10 70 -4 102 -2 136 8 145 16
13 15 164 -2 175 -15 10 -15 374 0 384 6 4 11 28 11 54 0 25 -5 48 -11 50 -8
3 -10 188 -9 662 2 361 3 658 3 660 0 4 3210 2 3210 -2z m595 -1986 l0 -1740
-1747 0 -1747 0 1372 1373 c755 755 1388 1391 1408 1413 20 21 74 76 120 122
46 45 114 113 151 150 36 37 97 97 135 134 37 37 112 112 166 165 53 54 103
103 110 110 6 7 17 12 22 13 7 0 10 -586 10 -1740z m-6276 -81 c908 -907 1651
-1652 1651 -1655 0 -2 -747 -4 -1660 -4 l-1660 0 0 1655 c0 1036 4 1655 9
1655 6 0 753 -743 1660 -1651z m1897 -2276 c0 -9 -18 -34 -38 -55 -37 -37 -36
-59 1 -38 11 5 24 10 29 10 30 0 -30 -89 -60 -90 -22 0 -58 -30 -58 -47 0 -8
-16 -29 -35 -47 -19 -19 -35 -37 -35 -41 0 -8 -57 -62 -99 -94 -17 -13 -29
-26 -27 -28 6 -6 -127 -138 -136 -135 -5 1 -11 -5 -14 -13 -4 -8 -13 -15 -21
-15 -20 0 -48 -30 -48 -51 0 -9 -11 -27 -24 -38 -13 -12 -22 -24 -19 -27 6 -6
92 40 87 47 -2 2 16 23 39 46 23 23 42 49 42 57 0 9 5 16 10 16 6 0 10 -4 10
-10 0 -5 7 -10 16 -10 14 0 14 3 4 15 -14 17 -10 25 14 29 9 1 54 41 101 89
47 48 92 87 100 87 8 0 15 7 15 16 0 9 19 36 43 60 23 24 50 52 60 64 9 11 23
20 30 20 16 0 18 -3391 2 -3402 -12 -9 -3516 -11 -3538 -2 -12 4 -9 12 14 35
15 16 33 29 39 29 14 0 350 336 350 349 0 5 140 150 312 322 257 257 307 311
282 307 -16 -3 -23 -3 -16 -1 13 5 17 33 5 33 -15 0 -69 -55 -69 -70 1 -21
-30 -50 -54 -50 -11 0 -20 -4 -20 -9 0 -5 -33 -42 -72 -82 -40 -40 -73 -78
-73 -84 -1 -15 -54 -65 -73 -68 -10 -1 -46 -31 -81 -65 -35 -34 -68 -62 -73
-62 -6 0 -108 -99 -229 -220 -138 -138 -227 -220 -239 -220 -20 0 -20 15 -20
1730 l0 1730 1784 0 c1674 0 1784 -1 1782 -17z m4379 -1563 c0 -1212 -3 -1580
-12 -1580 -6 0 -72 61 -145 135 -73 74 -137 139 -143 145 -5 5 -71 71 -145
145 -74 75 -142 142 -150 151 -8 8 -77 76 -153 152 -75 75 -141 140 -145 144
-27 28 -286 288 -306 308 -21 20 -563 562 -601 600 -5 5 -138 138 -295 295
-157 156 -289 289 -295 295 -5 5 -143 143 -305 305 -162 163 -302 302 -310
311 -8 8 -50 49 -92 89 -43 41 -78 77 -78 80 0 3 714 5 1588 5 l1587 0 0
-1580z m-2097 -339 c924 -924 1677 -1682 1674 -1685 -8 -9 -3366 -7 -3377 2
-13 9 -14 3074 -1 3084 15 11 16 42 1 58 -19 21 -19 30 2 46 16 12 16 15 3 27
-17 13 -20 58 -6 69 15 10 14 49 -1 55 -16 6 -7 23 12 23 8 0 770 -756 1693
-1679z"/>
<path d="M4286 4269 c-12 -11 -15 -19 -7 -19 13 0 41 24 41 34 0 11 -15 5 -34
-15z"/>
<path d="M4041 4024 c-24 -24 -37 -44 -30 -44 16 0 89 67 89 81 0 16 -15 7
-59 -37z"/>
<path d="M3798 3780 c-9 -10 -14 -21 -10 -24 3 -3 -2 -6 -11 -6 -9 0 -17 -4
-17 -10 0 -17 16 -11 44 16 25 26 34 45 19 43 -5 0 -15 -9 -25 -19z"/>
<path d="M3746 3629 c-26 -26 -2 -25 26 1 15 14 17 20 7 19 -8 0 -23 -9 -33
-20z"/>
<path d="M2791 2724 c-21 -24 -5 -28 20 -5 16 14 18 21 8 21 -8 -1 -20 -8 -28
-16z"/>
<path d="M2712 2673 c-11 -14 -27 -25 -35 -27 -16 -2 -97 -80 -97 -94 -1 -4
-10 -18 -21 -31 -17 -20 -22 -22 -29 -11 -5 8 -12 11 -17 7 -4 -5 -1 -12 7
-18 13 -8 13 -11 -3 -20 -19 -11 -14 -29 8 -29 22 0 55 32 55 52 0 10 7 18 16
18 9 0 39 23 66 50 27 28 53 50 59 50 5 0 9 4 9 9 0 4 12 20 26 35 15 14 25
26 23 27 -33 7 -51 2 -67 -18z"/>
<path d="M2464 2455 c18 -13 17 -15 -12 -45 -17 -16 -35 -30 -41 -30 -15 0
-101 -86 -101 -101 0 -7 -12 -24 -27 -36 -14 -13 -23 -26 -18 -31 4 -4 10 -1
12 6 3 6 8 12 13 12 19 0 95 84 92 102 -3 14 3 18 27 18 38 0 71 27 71 57 0
15 6 23 17 23 14 0 14 3 -5 20 -12 11 -27 20 -34 20 -8 -1 -6 -6 6 -15z"/>
<path d="M2196 2229 c-12 -11 -15 -19 -7 -19 13 0 41 24 41 34 0 11 -15 5 -34
-15z"/>
<path d="M2051 2108 c-10 -16 -10 -23 -2 -26 17 -6 13 -17 -15 -46 -15 -14
-21 -26 -15 -26 7 0 26 14 43 30 24 25 27 31 14 36 -9 3 -16 14 -16 23 1 14 2
14 14 -1 7 -10 18 -18 24 -18 5 0 13 -7 16 -16 8 -21 26 -8 21 17 -2 11 2 22
10 26 8 3 15 9 15 14 0 14 -48 11 -54 -3 -5 -10 -7 -10 -12 0 -9 19 -28 14
-43 -10z"/>
<path d="M2918 273 c23 -2 61 -2 85 0 23 2 4 4 -43 4 -47 0 -66 -2 -42 -4z"/>
  </g>
</svg>
